-20.908000
-20.884000
-20.824000
-20.628000
-20.860000
-20.812000
-20.784000
-20.856000
-20.780000
-20.728000
-20.812000
-20.860000
-20.832000
-20.704000
-20.848000
-20.940000
-20.864000
-20.816000
-20.840000
-20.532000
-20.496000
-20.340000
-19.552000
-19.952000
-19.780000
-20.068000
-19.052000
-19.808000
-19.420000
-17.856000
-19.256000
-17.868000
-17.240000
-17.516000
-16.792000
-14.012000
-16.836000
-15.704000
-13.396000
-13.788000
-15.052000
-15.440000
-14.920000
-12.844000
-13.680000
-12.100000
-9.856000
-9.880000
-11.196000
-10.436000
