-20.973600
-20.992400
-20.990800
-20.988000
-20.995200
-20.990400
-20.998800
-20.968800
-20.993200
-20.980800
-20.968000
-20.986800
-20.996400
-20.962000
-20.991200
-20.894800
-20.886800
-20.832000
-20.903200
-20.812000
-20.724400
-20.466000
-20.498400
-20.189600
-20.059200
-20.111600
-19.811600
-19.414800
-19.328800
-18.941600
-18.934800
-18.460000
-17.849200
-18.319600
-16.766400
-17.141200
-16.656000
-15.617600
-16.196000
-15.716800
-14.977600
-14.137600
-14.060400
-13.780000
-13.155200
-12.530000
-11.946000
-13.142400
-11.875200
-11.834000
