-20.997440
-20.998240
-20.996560
-20.999080
-20.999760
-20.998880
-20.997800
-20.998960
-20.995320
-20.996280
-20.998560
-20.994760
-20.993320
-20.985040
-20.984680
-20.948800
-20.933600
-20.885400
-20.835720
-20.778360
-20.655480
-20.657800
-20.488440
-20.312880
-20.147960
-19.968480
-19.714160
-19.534840
-19.261920
-18.980240
-18.618720
-18.644600
-18.121800
-17.562800
-17.331520
-16.838720
-16.361160
-16.089720
-15.611720
-15.196360
-14.787400
-14.475640
-14.105760
-13.602040
-13.486600
-12.730120
-12.263200
-12.158800
-11.837760
-11.274080
