-20.999976
-20.999948
-20.999852
-20.999876
-20.999776
-21.000000
-20.999696
-20.999900
-20.999408
-20.999364
-20.998584
-20.995708
-20.990420
-20.983192
-20.971976
-20.951236
-20.928036
-20.881628
-20.837640
-20.783248
-20.695336
-20.592864
-20.454852
-20.309396
-20.163248
-19.997484
-19.777872
-19.497816
-19.276504
-18.981924
-18.624960
-18.389344
-18.032624
-17.647644
-17.199952
-16.853392
-16.508076
-16.076284
-15.620964
-15.192368
-14.814616
-14.451856
-14.086932
-13.681912
-13.298524
-12.826732
-12.420496
-11.987092
-11.811804
-11.368668
