-21.000000
-20.999994
-20.999994
-20.999993
-20.999984
-20.999985
-21.000000
-20.999975
-20.999864
-20.999554
-20.998528
-20.995874
-20.992149
-20.984091
-20.971366
-20.951406
-20.924801
-20.885401
-20.835664
-20.768963
-20.688677
-20.589321
-20.469962
-20.342235
-20.161382
-19.978804
-19.761111
-19.529655
-19.261706
-18.974476
-18.679645
-18.346930
-18.000563
-17.645730
-17.256301
-16.855733
-16.469684
-16.072590
-15.657282
-15.245696
-14.827549
-14.422604
-14.007007
-13.585220
-13.218144
-12.800351
-12.430558
-12.081501
-11.735264
-11.359920
